                        fun: 1.5989825837439342
 lowest_optimization_result:       fun: 1.5989825837439342
 hess_inv: array([[  4.40471835,   1.78561804,   1.16088376,   2.25821247,
          2.74704385,   1.37643654,  -0.43274791,   0.        ,
         -0.27312309,   0.67779621,   0.66876963,  -0.53316757,
          0.17903711,  -1.01176714,  -4.01004208,   0.        ,
         -0.57796228],
       [  1.78561804,   5.03954245,   2.06881356,   3.39828611,
          5.36618832,   2.96389642,  -0.63292672,   0.        ,
          1.29756279,   1.81345777,   1.39333694,  -0.47236398,
          0.45238419,  -1.43895157,  -6.63176981,   0.        ,
         -2.15928065],
       [  1.16088376,   2.06881356,   2.2960423 ,   1.55883606,
          3.92933262,   1.9759122 ,  -0.39648492,   0.        ,
          1.13322861,   1.20756412,   0.61728432,  -0.33708118,
          0.63812604,  -0.48828562,  -4.12892838,   0.        ,
         -1.47524826],
       [  2.25821247,   3.39828611,   1.55883606,   7.67876473,
          5.70163849,   3.44313922,   0.20300806,   0.        ,
         -0.38947984,   1.23446895,   1.44070161,  -0.56950863,
         -0.09686528,  -1.64797168,  -7.9958439 ,   0.        ,
         -1.61163078],
       [  2.74704385,   5.36618832,   3.92933262,   5.70163849,
         12.2156542 ,   5.4320294 ,  -0.70509121,   0.        ,
          2.64054854,   3.44721142,   1.64308   ,  -0.10561942,
          0.97943862,  -1.74050796, -11.83964707,   0.        ,  -4.5758404 ],
       [  1.37643654,   2.96389642,   1.9759122 ,   3.44313922,
          5.4320294 ,   6.62638745,  -0.61636453,   0.        ,
          0.70139399,   1.36546069,   2.07041293,  -1.8037227 ,
          1.5539047 ,  -1.29095168,  -7.39295358,   0.        ,
         -1.19564134],
       [ -0.43274791,  -0.63292672,  -0.39648492,   0.20300806,
         -0.70509121,  -0.61636453,   3.90825034,   0.        ,
         -1.71463486,  -0.7095318 ,  -0.23028178,   1.15180196,
         -0.48474227,  -0.42184465,   1.04145912,   0.        ,
          0.48566781],
       [  0.        ,   0.        ,   0.        ,   0.        ,
          0.        ,   0.        ,   0.        ,   1.        ,
          0.        ,   0.        ,   0.        ,   0.        ,
          0.        ,   0.        ,   0.        ,   0.        ,   0.        ],
       [ -0.27312309,   1.29756279,   1.13322861,  -0.38947984,
          2.64054854,   0.70139399,  -1.71463486,   0.        ,
          4.28133529,   0.35355551,  -0.34994556,  -1.94131103,
          1.31940643,  -1.34758064,  -1.77896523,   0.        ,
         -1.42577687],
       [  0.67779621,   1.81345777,   1.20756412,   1.23446895,
          3.44721142,   1.36546069,  -0.7095318 ,   0.        ,
          0.35355551,   6.77783211,   1.02058791,  -3.01568892,
          0.59841396,  -1.5861525 ,  -4.19468421,   0.        ,
         -4.13144107],
       [  0.66876963,   1.39333694,   0.61728432,   1.44070161,
          1.64308   ,   2.07041293,  -0.23028178,   0.        ,
         -0.34994556,   1.02058791,   8.21845287,   0.46450058,
          0.5669238 ,  -0.93524132,  -3.29501128,   0.        ,
         -0.96019964],
       [ -0.53316757,  -0.47236398,  -0.33708118,  -0.56950863,
         -0.10561942,  -1.8037227 ,   1.15180196,   0.        ,
         -1.94131103,  -3.01568892,   0.46450058,  24.03312913,
         -1.09331389,  -2.65461966,   4.81828179,   0.        ,
          0.90292371],
       [  0.17903711,   0.45238419,   0.63812604,  -0.09686528,
          0.97943862,   1.5539047 ,  -0.48474227,   0.        ,
          1.31940643,   0.59841396,   0.5669238 ,  -1.09331389,
         16.91097699,   0.93539306,  -0.49565991,   0.        ,
         -1.10151234],
       [ -1.01176714,  -1.43895157,  -0.48828562,  -1.64797168,
         -1.74050796,  -1.29095168,  -0.42184465,   0.        ,
         -1.34758064,  -1.5861525 ,  -0.93524132,  -2.65461966,
          0.93539306,  21.99539155,   0.58224409,   0.        ,
          1.71668013],
       [ -4.01004208,  -6.63176981,  -4.12892838,  -7.9958439 ,
        -11.83964707,  -7.39295358,   1.04145912,   0.        ,
         -1.77896523,  -4.19468421,  -3.29501128,   4.81828179,
         -0.49565991,   0.58224409,  16.32564354,   0.        ,
          4.67613021],
       [  0.        ,   0.        ,   0.        ,   0.        ,
          0.        ,   0.        ,   0.        ,   0.        ,
          0.        ,   0.        ,   0.        ,   0.        ,
          0.        ,   0.        ,   0.        ,   1.        ,   0.        ],
       [ -0.57796228,  -2.15928065,  -1.47524826,  -1.61163078,
         -4.5758404 ,  -1.19564134,   0.48566781,   0.        ,
         -1.42577687,  -4.13144107,  -0.96019964,   0.90292371,
         -1.10151234,   1.71668013,   4.67613021,   0.        ,
         53.36581727]])
      jac: array([  7.89761543e-07,   6.55651093e-07,  -2.10106373e-06,
        -9.83476639e-07,   1.75833702e-06,   3.72529030e-07,
         1.16229057e-06,   0.00000000e+00,   1.29640102e-06,
        -3.42726707e-07,  -1.49011612e-07,  -4.17232513e-07,
         1.78813934e-07,   1.93715096e-07,   1.16229057e-06,
         0.00000000e+00,   2.68220901e-07])
  message: 'Optimization terminated successfully.'
     nfev: 988
      nit: 51
     njev: 52
   status: 0
  success: True
        x: array([ -9.01494232e-01,  -1.46401823e+00,   2.21977257e+00,
         1.83852804e+00,  -1.24120879e+00,  -7.75736984e-01,
        -1.84658692e-01,  -5.37562642e+01,  -6.39285680e-02,
        -2.43794633e-01,   4.74435329e-01,   1.44395735e-02,
         2.32731358e-01,   1.73959125e-01,   3.33636822e-02,
        -2.04701632e+01,  -2.28912271e-01])
                    message: ['requested number of basinhopping iterations completed successfully']
      minimization_failures: 0
                       nfev: 185687
                        nit: 200
                       njev: 9773
                          x: array([ -9.01494232e-01,  -1.46401823e+00,   2.21977257e+00,
         1.83852804e+00,  -1.24120879e+00,  -7.75736984e-01,
        -1.84658692e-01,  -5.37562642e+01,  -6.39285680e-02,
        -2.43794633e-01,   4.74435329e-01,   1.44395735e-02,
         2.32731358e-01,   1.73959125e-01,   3.33636822e-02,
        -2.04701632e+01,  -2.28912271e-01])